function plev = plevForRegrid()
%
% Pressure levels for regridding, units = Pa
%
plev = [100000, 92500, 90000, 85000, 80000, 70000, 60000, 50000, 40000, ...
        35000, 30000, 25000, 20000, 15000, 10000, 7000, 5000, 3000, 2000, 1000];
